0 1
0.314159 0.91017
0.628319 0.746648
0.942478 0.530745
1.25664 0.286559
1.5708 0.0385663
1.88496 -0.190613
2.19911 -0.382083
2.51327 -0.52203
2.82743 -0.602512
3.14159 -0.62164
3.45575 -0.583208
3.76991 -0.495839
4.08407 -0.371776
4.39823 -0.225462
4.71239 -0.0720377
5.02655 0.0740755
5.34071 0.200409
5.65487 0.297392
5.96903 0.358947
6.28319 0.382729
6.59734 0.369994
6.9115 0.325166
7.22566 0.255156
7.53982 0.168513
7.85398 0.0745167
8.16814 -0.0177301
8.4823 -0.100098
8.79646 -0.166074
9.11062 -0.211206
9.42478 -0.23331
9.73894 -0.232471
10.0531 -0.210824
10.3673 -0.172184
10.6814 -0.121547
10.9956 -0.0645401
11.3097 -0.00685661
11.6239 0.046261
11.9381 0.0904515
12.2522 0.122547
12.5664 0.140751
12.8805 0.144676
13.1947 0.135252
13.5088 0.114525
13.823 0.0853723
14.1372 0.0511692
14.4513 0.015442
14.7655 -0.018463
15.0796 -0.0476637
15.3938 -0.0699597
15.708 -0.0839684
16.0221 -0.0891757
16.3363 -0.0859046
16.6504 -0.0752105
16.9646 -0.0587209
17.2788 -0.0384377
17.5929 -0.0165236
17.9071 0.00490621
18.2212 0.0239703
18.5354 0.0391686
18.8496 0.0494831
19.1637 0.0544259
19.4779 0.0540357
19.792 0.0488265
20.1062 0.0396991
20.4204 0.0278255
20.7345 0.0145189
21.0487 0.00110342
21.3628 -0.0112061
21.677 -0.0214032
21.9911 -0.0287616
22.3053 -0.0328754
22.6195 -0.0336664
22.9336 -0.0313621
23.2478 -0.0264475
23.5619 -0.0195987
23.8761 -0.0116045
24.1903 -0.00328599
24.5044 0.00458044
24.8186 0.0113288
25.1327 0.0164532
25.4469 0.0196394
25.7611 0.0207751
26.0752 0.0199425
26.3894 0.0173933
26.7035 0.0135107
27.0177 0.00876317
27.3319 0.00365491
27.646 -0.00132279
27.9602 -0.00573452
28.2743 -0.00923481
28.5885 -0.0115911
28.9027 -0.0126945
29.2168 -0.0125584
29.531 -0.0113065
29.8451 -0.00915129
30.1593 -0.00636765
30.4734 -0.00326207
30.7876 -0.000142428
31.1018 0.00270977
31.4159 0.00506234
31.7301 0.00674882
32.0442 0.00767756
32.3584 0.00783319
32.6726 0.00727119
32.9867 0.0061065
33.3009 0.00449788
33.615 0.00262973
33.9292 0.000693157
34.2434 -0.00113172
34.5575 -0.002691
34.8717 -0.00386848
35.1858 -0.00459268
35.5 -0.00483926
35.8142 -0.00462898
36.1283 -0.00402177
36.4425 -0.00310783
36.7566 -0.00199681
37.0708 -0.000806221
37.385 0.000349842
37.6991 0.00137063
38.0133 0.00217659
38.3274 0.00271464
38.6416 0.00296049
38.9557 0.00291832
39.2699 0.00261778
39.5841 0.00210908
39.8982 0.00145662
40.2124 0.000731927
40.5265 6.58095e-06
40.8407 -0.000654199
41.1549 -0.00119685
41.469 -0.00158325
41.7832 -0.00179271
42.0973 -0.00182232
42.4115 -0.00168556
42.7257 -0.00140968
43.0398 -0.00103195
43.354 -0.000595449
43.6681 -0.00014467
43.9823 0.00027861
44.2965 0.00063884
44.6106 0.000909323
44.9248 0.00107382
45.2389 0.00112709
45.5531 0.00107432
45.8673 0.000929782
46.1814 0.000714709
46.4956 0.000454753
46.8097 0.000177298
47.1239 -9.11593e-05
47.438 -0.000327312
47.7522 -0.000512849
48.0664 -0.00063565
48.3805 -0.000690319
48.6947 -0.000678066
49.0088 -0.000606002
49.323 -0.000485975
49.6372 -0.000333075
49.9513 -0.000163989
50.2655 4.63849e-06
50.5796 0.000157702
50.8938 0.000282849
51.208 0.000371345
51.5221 0.000418535
51.8363 0.000423888
52.1504 0.000390682
52.4646 0.000325364
52.7788 0.000236686
53.0929 0.000134713
53.4071 2.97983e-05
53.7212 -6.83685e-05
54.0354 -0.000151575
54.3496 -0.000213692
54.6637 -0.000251032
54.9779 -0.000262468
55.292 -0.000249299
55.6062 -0.000214918
55.9203 -0.00016432
56.2345 -0.000103506
56.5487 -3.88573e-05
56.8628 2.34749e-05
57.177 7.80989e-05
57.4911 0.0001208
57.8053 0.000148815
58.1195 0.000160944
58.4336 0.000157527
58.7478 0.000140265
59.0619 0.000111954
59.3761 7.613e-05
59.6903 3.66848e-05
60.0044 -2.51233e-06
60.3186 -3.79627e-05
60.6327 -6.68184e-05
60.9469 -8.70797e-05
61.2611 -9.76985e-05
61.5752 -9.85872e-05
61.8894 -9.05399e-05
62.2035 -7.50823e-05
